Version 0.9.7
8
 4 36 240 77 128 0 1
 5 933 1333 206 81 2 2
 0 1013 989 877 276 8 3
 6 1418 87 449 130 140 4
 0 753 605 877 276 173 5
 0 194 300 877 276 305 6
 6 1001 87 449 130 437 9
 2 738 106 206 81 470 10
 1
172
 0 5 1222 1055 1222 1055 1222 1055 1222 1003 1222 1003 1222 1003 0 3 0 3
 255 5 1079 1016 1079 1016 1079 1016 1079 1250 1079 1250 1079 1250 0 3 0 3
 0 5 1092 1003 1092 1003 1092 1003 1092 1237 1092 1237 1092 1237 0 3 0 3
 255 5 1222 1198 1222 1198 1222 1198 1222 1250 1222 1250 1222 1250 0 3 0 3
 8454016 5 1196 1094 1196 1094 1196 1122 1170 1122 1170 1159 1170 1159 0 3 0 3
 0 5 1235 1198 1235 1198 1235 1198 1235 1237 1235 1237 1235 1237 0 3 0 3
 0 5 1248 1198 1248 1198 1248 1198 1248 1237 1248 1237 1248 1237 0 3 0 3
 8454016 5 1235 1094 1235 1094 1235 1130 1352 1130 1352 1159 1352 1159 0 3 0 3
 8454016 5 1248 1094 1248 1094 1248 1114 1365 1114 1365 1159 1365 1159 0 3 0 3
 8454016 5 1209 1094 1209 1094 1209 1136 1417 1136 1417 1159 1417 1159 0 3 0 3
 8454016 5 1196 1081 1196 1081 1196 1123 1430 1123 1430 1159 1430 1159 0 3 0 3
 255 5 1352 1055 1352 1055 1352 1055 1352 1016 1352 1016 1352 1016 0 3 0 3
 0 5 1443 1198 1443 1198 1443 1198 1443 1237 1443 1237 1443 1237 0 3 0 3
 8454016 5 1599 1094 1599 1094 1599 1128 1573 1128 1573 1159 1573 1159 0 3 0 3
 0 5 1586 1198 1586 1198 1586 1198 1586 1237 1586 1237 1586 1237 0 3 0 3
 0 5 1599 1198 1599 1198 1599 1198 1599 1237 1599 1237 1599 1237 0 3 0 3
 0 5 1638 1198 1638 1198 1638 1198 1638 1237 1638 1237 1638 1237 0 3 0 3
 0 5 1651 1198 1651 1198 1651 1198 1651 1237 1651 1237 1651 1237 0 3 0 3
 0 5 1625 1055 1625 1055 1625 1055 1625 1003 1625 1003 1625 1003 0 3 0 3
 255 5 1625 1198 1625 1198 1625 1198 1625 1250 1625 1250 1625 1250 0 3 0 3
 255 5 1729 1055 1729 1055 1729 1055 1729 1016 1729 1016 1729 1016 0 3 0 3
 0 5 1820 1198 1820 1198 1820 1198 1820 1237 1820 1237 1820 1237 0 3 0 3
 8454016 5 1599 1081 1599 1081 1599 1126 1807 1126 1807 1159 1807 1159 0 3 0 3
 8454016 5 1612 1094 1612 1094 1612 1133 1794 1133 1794 1159 1794 1159 0 3 0 3
 8454016 5 1638 1094 1638 1094 1638 1139 1729 1139 1729 1159 1729 1159 0 3 0 3
 8454016 5 1651 1094 1651 1094 1651 1118 1742 1118 1742 1159 1742 1159 0 3 0 3
 16744448 5 1820 1055 1820 1055 1820 210 1820 210 1819 210 1819 210 0 3 0 4
 16744448 5 1807 1055 1807 1055 1807 210 1807 210 1806 210 1806 210 0 3 0 4
 16744448 5 1794 1055 1794 1055 1794 210 1794 210 1793 210 1793 210 0 3 0 4
 16744448 5 1832 210 1832 210 1832 1068 1832 1068 1742 1068 1742 1068 0 4 0 3
 255 5 1469 1055 1469 1055 1469 1055 1469 1016 1469 1016 1469 1016 0 3 0 3
 0 5 1547 1198 1547 1198 1547 1198 1547 1237 1547 1237 1547 1237 0 3 0 3
 16744448 5 1443 1068 1443 1068 1443 926 1715 926 1715 210 1715 210 0 3 0 4
 16744448 5 1430 1068 1430 1068 1430 939 1702 939 1702 210 1702 210 0 3 0 4
 16744448 5 1417 1068 1417 1068 1417 954 1689 954 1689 210 1689 210 0 3 0 4
 16744448 5 1404 1068 1404 1068 1404 965 1676 965 1676 210 1676 210 0 3 0 4
 16744448 5 1391 1068 1391 1068 1391 975 1663 975 1663 210 1663 210 0 3 0 4
 16744448 5 1365 1081 1365 1081 1365 987 1728 987 1728 210 1728 210 0 3 0 4
 16744448 5 1378 1081 1378 1081 1378 999 1741 999 1741 210 1741 210 0 3 0 4
 16777088 5 1248 1081 1248 1081 1248 1081 1248 1159 1196 1159 1196 1159 0 3 0 3
 16777088 5 1235 1081 1235 1081 1235 1142 1183 1142 1183 1159 1183 1159 0 3 0 3
 16777088 5 1534 1068 1534 1068 1534 1068 1599 1068 1599 1068 1599 1068 0 3 0 3
 16777088 5 1612 1081 1612 1081 1612 1081 1521 1081 1521 1081 1521 1081 0 3 0 3
 255 5 97 293 97 293 187 293 187 327 247 327 247 327 0 1 0 6
 255 5 819 632 819 632 819 632 819 866 819 866 819 866 0 5 0 5
 0 5 819 619 819 619 819 619 819 548 819 548 819 548 0 5 0 6
 16744448 5 1845 210 1845 210 1845 1081 1845 1081 1755 1081 1755 1081 0 4 0 3
 16744448 5 1780 210 1780 210 1780 1055 1780 1055 1781 1055 1781 1055 0 4 0 3
 16744448 5 1767 210 1767 210 1767 1055 1767 1055 1768 1055 1768 1055 0 4 0 3
 255 5 1014 327 1014 327 1014 114 1014 114 1017 114 1017 114 0 6 0 9
 255 5 1482 671 1482 671 1482 671 1482 632 1482 632 1482 632 0 5 0 5
 255 5 1430 814 1430 814 1430 814 1430 866 1430 866 1430 866 0 5 0 5
 0 5 1456 814 1456 814 1456 814 1456 853 1456 853 1456 853 0 5 0 5
 0 5 1443 814 1443 814 1443 814 1443 853 1443 853 1443 853 0 5 0 5
 0 5 1573 814 1573 814 1573 814 1573 853 1573 853 1573 853 0 5 0 5
 0 5 1430 671 1430 671 1430 671 1430 619 1430 619 1430 619 0 5 0 5
 255 5 1443 632 1443 632 1443 114 1443 114 1434 114 1434 114 0 5 0 4
 8454016 5 1378 775 1378 775 1378 748 1404 748 1404 710 1404 710 0 5 0 5
 8454016 5 1404 697 1404 697 1404 734 1560 734 1560 775 1560 775 0 5 0 5
 8454016 5 1547 775 1547 775 1547 750 1417 750 1417 710 1417 710 0 5 0 5
 8454016 5 1456 710 1456 710 1456 743 1495 743 1495 775 1495 775 0 5 0 5
 8454016 5 1443 710 1443 710 1443 759 1482 759 1482 775 1482 775 0 5 0 5
 16744448 5 1495 684 1495 684 1624 684 1624 684 1624 210 1624 210 0 5 0 4
 16744448 5 1508 697 1508 697 1637 697 1637 697 1637 210 1637 210 0 5 0 4
 0 5 1391 814 1391 814 1391 814 1391 853 1391 853 1391 853 0 5 0 5
 0 5 1404 814 1404 814 1404 814 1404 853 1404 853 1404 853 0 5 0 5
 8454016 5 949 710 949 710 949 739 923 739 923 775 923 775 0 5 0 5
 8454016 5 949 697 949 697 949 739 1118 739 1118 775 1118 775 0 5 0 5
 8454016 5 962 710 962 710 962 754 1105 754 1105 775 1105 775 0 5 0 5
 0 5 1001 814 1001 814 1001 814 1001 853 1001 853 1001 853 0 5 0 5
 0 5 988 814 988 814 988 814 988 853 988 853 988 853 0 5 0 5
 0 5 975 671 975 671 975 671 975 619 975 619 975 619 0 5 0 5
 8454016 5 988 710 988 710 988 747 1040 747 1040 775 1040 775 0 5 0 5
 8454016 5 1001 710 1001 710 1001 732 1053 732 1053 775 1053 775 0 5 0 5
 0 5 1131 814 1131 814 1131 814 1131 853 1131 853 1131 853 0 5 0 5
 255 5 975 814 975 814 975 814 975 866 975 866 975 866 0 5 0 5
 255 5 1040 671 1040 671 1040 671 1040 632 1040 632 1040 632 0 5 0 5
 16744448 5 1507 210 1507 210 1507 556 1131 556 1131 671 1131 671 0 4 0 5
 16744448 5 1494 210 1494 210 1494 535 1118 535 1118 671 1118 671 0 4 0 5
 16744448 5 1481 210 1481 210 1481 514 1105 514 1105 671 1105 671 0 4 0 5
 16744448 5 1468 210 1468 210 1468 496 1092 496 1092 671 1092 671 0 4 0 5
 16744448 5 1455 210 1455 210 1455 476 1079 476 1079 671 1079 671 0 4 0 5
 16744448 5 1053 684 1053 684 1053 579 1520 579 1520 210 1520 210 0 5 0 4
 16744448 5 1066 684 1066 684 1066 597 1533 597 1533 210 1533 210 0 5 0 4
 16744448 5 1521 671 1521 671 1521 619 1559 619 1559 210 1559 210 0 5 0 4
 16744448 5 1534 671 1534 671 1534 633 1572 633 1572 210 1572 210 0 5 0 4
 16744448 5 1547 671 1547 671 1547 645 1585 645 1585 210 1585 210 0 5 0 4
 16744448 5 1560 671 1560 671 1560 657 1598 657 1598 210 1598 210 0 5 0 4
 16744448 5 1573 671 1573 671 1573 671 1611 671 1611 210 1611 210 0 5 0 4
 16777088 5 936 775 936 775 936 746 988 746 988 697 988 697 0 5 0 5
 16777088 5 1001 697 1001 697 1001 697 1001 775 949 775 949 775 0 5 0 5
 16777088 5 988 684 988 684 988 591 611 591 611 509 611 509 0 5 0 6
 16777088 5 1001 684 1001 684 1001 660 624 660 624 509 624 509 0 5 0 6
 255 5 572 366 572 366 572 366 572 327 572 327 572 327 0 6 0 6
 255 5 832 509 832 509 832 509 832 561 832 561 832 561 0 6 0 6
 255 5 910 366 910 366 910 366 910 327 910 327 910 327 0 6 0 6
 0 5 650 509 650 509 650 509 650 548 650 548 650 548 0 6 0 6
 0 5 845 509 845 509 845 509 845 548 845 548 845 548 0 6 0 6
 0 5 858 509 858 509 858 509 858 548 858 548 858 548 0 6 0 6
 0 5 832 366 832 366 832 366 832 314 832 314 832 314 0 6 0 6
 0 5 1001 509 1001 509 1001 509 1001 548 1001 548 1001 548 0 6 0 6
 8454016 5 806 405 806 405 806 442 780 442 780 470 780 470 0 6 0 6
 8454016 5 806 392 806 392 806 433 988 433 988 470 988 470 0 6 0 6
 8454016 5 975 470 975 470 975 441 819 441 819 405 819 405 0 6 0 6
 8454016 5 923 470 923 470 923 448 858 448 858 405 858 405 0 6 0 6
 8454016 5 910 470 910 470 910 425 845 425 845 405 845 405 0 6 0 6
 16744448 5 1001 366 1001 366 1001 366 1402 366 1402 210 1402 210 0 6 0 9
 16744448 5 988 366 988 366 988 356 1389 356 1389 210 1389 210 0 6 0 9
 16744448 5 975 366 975 366 975 347 1376 347 1376 210 1376 210 0 6 0 9
 16744448 5 962 366 962 366 962 337 1363 337 1363 210 1363 210 0 6 0 9
 16744448 5 949 366 949 366 949 324 1350 324 1350 210 1350 210 0 6 0 9
 16744448 5 923 379 923 379 1415 379 1415 379 1415 210 1415 210 0 6 0 9
 16744448 5 936 392 936 392 1428 392 1428 392 1428 210 1428 210 0 6 0 9
 8454016 5 312 470 312 470 312 441 338 441 338 405 338 405 0 6 0 6
 8454016 5 338 392 338 392 338 430 507 430 507 470 507 470 0 6 0 6
 8454016 5 351 405 351 405 351 443 494 443 494 470 494 470 0 6 0 6
 8454016 5 377 405 377 405 377 437 429 437 429 470 429 470 0 6 0 6
 8454016 5 390 405 390 405 390 451 442 451 442 470 442 470 0 6 0 6
 255 5 364 509 364 509 364 509 364 561 364 561 364 561 0 6 0 6
 255 5 429 366 429 366 429 366 429 327 429 327 429 327 0 6 0 6
 0 5 377 509 377 509 377 509 377 548 377 548 377 548 0 6 0 6
 0 5 390 509 390 509 390 509 390 548 390 548 390 548 0 6 0 6
 0 5 364 366 364 366 364 366 364 314 364 314 364 314 0 6 0 6
 0 5 520 509 520 509 520 509 520 548 520 548 520 548 0 6 0 6
 16744448 5 1298 210 1298 210 1298 276 520 276 520 366 520 366 0 9 0 6
 16744448 5 1285 210 1285 210 1285 264 507 264 507 366 507 366 0 9 0 6
 16744448 5 1272 210 1272 210 1272 250 494 250 494 366 494 366 0 9 0 6
 16744448 5 1259 210 1259 210 1259 236 481 236 481 366 481 366 0 9 0 6
 16744448 5 1246 210 1246 210 1246 224 468 224 468 366 468 366 0 9 0 6
 16744448 5 1311 210 1311 210 1311 291 442 291 442 379 442 379 0 9 0 6
 16744448 5 455 379 455 379 455 310 1324 310 1324 210 1324 210 0 6 0 9
 16777088 5 377 392 377 392 377 470 377 470 338 470 338 470 0 6 0 6
 16777088 5 338 483 338 483 338 483 793 483 793 483 793 483 0 6 0 6
 16777088 5 858 392 858 392 858 483 858 483 806 483 806 483 0 6 0 6
 16777088 5 806 496 806 496 806 496 325 496 325 496 325 496 0 6 0 6
 16777088 5 806 379 806 379 806 379 624 379 624 379 624 379 0 6 0 6
 16777088 5 819 366 819 366 819 366 637 366 637 366 637 366 0 6 0 6
 8421631 5 650 392 650 392 650 387 312 387 312 392 312 392 0 6 0 6
 8388736 5 1131 1198 1131 1198 1131 1292 1573 1292 1573 1094 1573 1094 0 3 0 3
 0 5 948 1402 948 1402 929 1402 929 1237 1066 1237 1066 1237 0 2 0 3
 255 5 1105 1016 1105 1016 1105 1016 1105 866 1105 866 1105 866 0 3 0 5
 255 5 1066 1055 1066 1055 1066 1055 1066 1016 1066 1016 1066 1016 0 3 0 3
 0 5 1144 1198 1144 1198 1144 1198 1144 1237 1144 1237 1144 1237 0 3 0 3
 8421631 5 1547 1094 1547 1094 1547 1086 1170 1086 1170 1094 1170 1094 0 3 0 3
 0 5 1118 1003 1118 1003 1118 1003 1118 853 1118 853 1118 853 0 3 0 5
 0 5 884 814 884 814 884 814 884 853 884 853 884 853 0 5 0 5
 255 5 806 632 806 632 806 632 806 671 806 671 806 671 0 5 0 5
 255 5 845 632 845 632 845 632 845 561 845 561 845 561 0 5 0 6
 0 5 832 619 832 619 832 619 832 853 832 853 832 853 0 5 0 5
 8388736 5 871 788 871 788 1378 788 1378 788 1378 710 1378 710 0 5 0 5
 0 5 299 509 299 509 299 509 299 548 299 548 299 548 0 6 0 6
 255 5 273 327 273 327 273 327 273 561 273 561 273 561 0 6 0 6
 255 5 260 327 260 327 260 350 221 350 221 366 221 366 0 6 0 6
 0 5 286 314 286 314 286 314 286 548 286 548 286 548 0 6 0 6
 0 5 97 314 97 314 97 314 273 314 273 314 273 314 0 1 0 6
 8421631 5 637 470 637 470 637 470 234 470 234 470 234 470 0 6 0 6
 8388736 5 247 509 247 509 780 509 780 509 780 405 780 405 0 6 0 6
 8421440 5 1118 1185 1118 1185 986 1185 986 143 927 143 927 143 0 3 0 10
 8421440 5 858 775 858 748 957 748 957 130 908 130 908 130 0 5 0 10
 8421440 5 221 470 221 470 221 143 221 143 889 143 889 143 0 6 0 10
 255 5 753 117 753 117 299 117 299 117 299 327 299 327 0 10 0 6
 0 5 753 175 753 175 312 175 312 175 312 314 312 314 0 10 0 6
 8421631 5 1105 1198 1105 1198 1105 1344 1105 1344 1106 1344 1106 1344 0 3 0 2
 255 5 1066 1250 1066 1250 948 1250 948 1250 948 1344 948 1344 0 3 0 2
 16777088 5 1235 1068 1236 1068 1236 899 1209 899 1209 814 1209 814 0 3 0 5
 16777088 5 1248 1068 1248 1068 1248 883 1222 883 1222 814 1222 814 0 3 0 5
 16777088 5 1417 684 1417 684 1417 684 1222 684 1222 684 1222 684 0 5 0 5
 16777088 5 1404 671 1404 671 1404 670 1235 670 1235 671 1235 671 0 5 0 5
 8421631 5 1248 697 1248 697 1248 697 923 697 923 697 923 697 0 5 0 5
 255 5 1170 671 1170 671 1170 671 1170 632 1170 632 1170 632 0 5 0 5
 0 5 1248 814 1248 814 1248 814 1248 853 1248 853 1248 853 0 5 0 5
 8421631 5 1235 801 1235 801 1235 801 845 801 845 801 845 801 0 5 0 5
18
 7090 1 14 1164 1107 5 0 8583336 21799984 3
 7047 1 16 1346 1107 5 0 8583336 21799984 3
 7090 1 14 1567 1107 5 0 11807248 0 3
 7047 1 16 1723 1107 5 0 11807248 0 3
 7008 1 14 1463 1107 5 0 11807248 0 3
 7008 1 14 1164 723 5 0 8583336 20439440 5
 7090 1 14 1372 723 5 0 8583336 20439440 5
 7047 1 16 1476 723 5 0 8583336 20439440 5
 7090 1 14 917 723 5 0 8583336 18233472 5
 7047 1 16 1034 723 5 0 8583336 18233472 5
 7008 1 14 566 418 5 0 8583336 18233472 6
 7090 1 14 774 418 5 0 8583336 18233472 6
 7047 1 16 904 418 5 0 8583336 18233472 6
 7090 1 14 306 418 5 0 8583336 18233472 6
 7047 1 16 423 418 5 0 8583336 18233472 6
 7032 1 14 800 723 5 0 8583336 21541584 5
 7032 1 14 215 418 5 0 8583336 21541584 6
 7032 1 14 1060 1107 5 0 8583336 21118464 3
